
Title: ***Experimental*** Lake-Effect Snow Polygons
RefreshSeconds: 1
Color: 255 105 180

TimeRange: 2019-02-14T00:00:00Z 2019-02-14T07:00:00Z

Line: 4,
	43.6, -75.09
	43.59, -75.19
	43.42, -75.5
	43.48, -75.81
	43.31, -75.88
	43.24, -75.44
	43.26, -75.44
	43.25, -75.26
	43.27, -75.26
	43.32, -75.09
	43.6, -75.09
End:

TimeRange: 2019-02-14T07:00:00Z 2019-02-14T15:00:00Z

Line: 4,
	43.32, -75.09
	43.4, -75.11
	43.42, -75.29
	43.47, -75.34
	43.42, -75.5
	43.48, -75.81
	43.42, -75.86
	43.18, -75.87
	43.12, -75.14
	43.23, -75.09
	43.32, -75.09
End:

TimeRange: 2019-02-13T18:00:00Z 2019-02-14T00:00:00Z

Line: 4,
	43.86, -75.53
	44.06, -75.16
	44.17, -75.38
	44.07, -75.61
	44.04, -75.8
	43.92, -76.06
	43.84, -76.14
	43.57, -76.06
	43.49, -75.69
	43.53, -75.45
	43.86, -75.53
End:

TimeRange: 2019-02-14T00:00:00Z 2019-02-14T06:00:00Z

Line: 4,
	43.62, -75.12
	43.7, -75.38
	43.92, -75.61
	43.87, -75.8
	43.63, -76.23
	43.54, -76.45
	43.36, -76.77
	43.31, -75.88
	43.48, -75.81
	43.42, -75.5
	43.62, -75.12
End:

TimeRange: 2019-02-14T06:00:00Z 2019-02-14T15:00:00Z

Line: 4,
	43.35, -75.87
	43.42, -75.5
	43.49, -75.48
	43.52, -75.56
	43.42, -76.13
	43.4, -76.73
	43.24, -76.7
	43.22, -76.26
	43.28, -76.19
	43.2, -75.87
	43.35, -75.87
End:

TimeRange: 2019-02-13T18:00:00Z 2019-02-14T00:00:00Z

Line: 4,
	43.86, -75.53
	44.06, -75.16
	44.17, -75.38
	44.07, -75.61
	44.04, -75.8
	43.92, -76.06
	43.84, -76.14
	43.57, -76.06
	43.49, -75.69
	43.53, -75.45
	43.86, -75.53
End:

TimeRange: 2019-02-14T00:00:00Z 2019-02-14T06:00:00Z

Line: 4,
	43.62, -75.12
	43.7, -75.38
	43.92, -75.61
	43.87, -75.8
	43.63, -76.23
	43.54, -76.45
	43.36, -76.77
	43.31, -75.88
	43.48, -75.81
	43.42, -75.5
	43.62, -75.12
End:

TimeRange: 2019-02-14T06:00:00Z 2019-02-14T15:00:00Z

Line: 4,
	43.35, -75.87
	43.42, -75.5
	43.49, -75.48
	43.52, -75.56
	43.42, -76.13
	43.4, -76.73
	43.24, -76.7
	43.22, -76.26
	43.28, -76.19
	43.2, -75.87
	43.35, -75.87
End:

TimeRange: 2019-02-14T00:00:00Z 2019-02-14T06:00:00Z

Line: 4,
	43.62, -75.12
	43.7, -75.38
	43.92, -75.61
	43.87, -75.8
	43.63, -76.23
	43.54, -76.45
	43.36, -76.77
	43.31, -75.88
	43.48, -75.81
	43.42, -75.5
	43.62, -75.12
End:

TimeRange: 2019-02-14T06:00:00Z 2019-02-14T15:00:00Z

Line: 4,
	43.35, -75.87
	43.42, -75.5
	43.49, -75.48
	43.52, -75.56
	43.42, -76.13
	43.4, -76.73
	43.24, -76.7
	43.22, -76.26
	43.28, -76.19
	43.2, -75.87
	43.35, -75.87
End:

