
Title: ***Experimental*** LES Polygons (Shaded) - Updated: 2019-02-14 11:46:27 Eastern
RefreshSeconds: 1

TimeRange: 2019-02-14T00:00:00Z 2019-02-14T07:00:00Z
Color: 255 105 180
Polygon: 4,
	43.6, -75.09
	43.59, -75.19
	43.42, -75.5
	43.48, -75.81
	43.31, -75.88
	43.24, -75.44
	43.26, -75.44
	43.25, -75.26
	43.27, -75.26
	43.32, -75.09
End:
Color: 255 105 180
Line: 4,
	43.6, -75.09
	43.59, -75.19
	43.42, -75.5
	43.48, -75.81
	43.31, -75.88
	43.24, -75.44
	43.26, -75.44
	43.25, -75.26
	43.27, -75.26
	43.32, -75.09
	43.6, -75.09
End:

TimeRange: 2019-02-14T07:00:00Z 2019-02-14T15:00:00Z
Color: 255 105 180
Polygon: 4,
	43.32, -75.09
	43.4, -75.11
	43.42, -75.29
	43.47, -75.34
	43.42, -75.5
	43.48, -75.81
	43.42, -75.86
	43.18, -75.87
	43.12, -75.14
	43.23, -75.09
End:
Color: 255 105 180
Line: 4,
	43.32, -75.09
	43.4, -75.11
	43.42, -75.29
	43.47, -75.34
	43.42, -75.5
	43.48, -75.81
	43.42, -75.86
	43.18, -75.87
	43.12, -75.14
	43.23, -75.09
	43.32, -75.09
End:

TimeRange: 2019-02-14T00:00:00Z 2019-02-14T06:00:00Z
Color: 255 105 180
Polygon: 4,
	43.89, -75.61
	43.68, -76.05
	43.56, -76.43
	43.34, -76.77
	43.33, -75.87
	43.48, -75.81
	43.42, -75.5
	43.53, -75.29
End:
Color: 255 105 180
Line: 4,
	43.89, -75.61
	43.68, -76.05
	43.56, -76.43
	43.34, -76.77
	43.33, -75.87
	43.48, -75.81
	43.42, -75.5
	43.53, -75.29
	43.89, -75.61
End:

TimeRange: 2019-02-14T06:00:00Z 2019-02-14T15:00:00Z
Color: 255 105 180
Polygon: 4,
	43.53, -75.29
	43.56, -75.56
	43.52, -76.44
	43.36, -76.8
	43.23, -76.55
	43.28, -76.2
	43.2, -75.87
	43.4, -75.86
End:
Color: 255 105 180
Line: 4,
	43.53, -75.29
	43.56, -75.56
	43.52, -76.44
	43.36, -76.8
	43.23, -76.55
	43.28, -76.2
	43.2, -75.87
	43.4, -75.86
	43.53, -75.29
End:

TimeRange: 2019-02-14T00:00:00Z 2019-02-14T06:00:00Z
Color: 255 105 180
Polygon: 4,
	43.89, -75.61
	43.68, -76.05
	43.56, -76.43
	43.34, -76.77
	43.33, -75.87
	43.48, -75.81
	43.42, -75.5
	43.53, -75.29
End:
Color: 255 105 180
Line: 4,
	43.89, -75.61
	43.68, -76.05
	43.56, -76.43
	43.34, -76.77
	43.33, -75.87
	43.48, -75.81
	43.42, -75.5
	43.53, -75.29
	43.89, -75.61
End:

TimeRange: 2019-02-14T06:00:00Z 2019-02-14T15:00:00Z
Color: 255 105 180
Polygon: 4,
	43.53, -75.29
	43.56, -75.56
	43.52, -76.44
	43.36, -76.8
	43.23, -76.55
	43.28, -76.2
	43.2, -75.87
	43.4, -75.86
End:
Color: 255 105 180
Line: 4,
	43.53, -75.29
	43.56, -75.56
	43.52, -76.44
	43.36, -76.8
	43.23, -76.55
	43.28, -76.2
	43.2, -75.87
	43.4, -75.86
	43.53, -75.29
End:

TimeRange: 2019-02-14T00:00:00Z 2019-02-14T06:00:00Z
Color: 255 105 180
Polygon: 4,
	43.89, -75.61
	43.68, -76.05
	43.56, -76.43
	43.34, -76.77
	43.33, -75.87
	43.48, -75.81
	43.42, -75.5
	43.53, -75.29
End:
Color: 255 105 180
Line: 4,
	43.89, -75.61
	43.68, -76.05
	43.56, -76.43
	43.34, -76.77
	43.33, -75.87
	43.48, -75.81
	43.42, -75.5
	43.53, -75.29
	43.89, -75.61
End:

TimeRange: 2019-02-14T06:00:00Z 2019-02-14T15:00:00Z
Color: 255 105 180
Polygon: 4,
	43.53, -75.29
	43.56, -75.56
	43.52, -76.44
	43.36, -76.8
	43.23, -76.55
	43.28, -76.2
	43.2, -75.87
	43.4, -75.86
End:
Color: 255 105 180
Line: 4,
	43.53, -75.29
	43.56, -75.56
	43.52, -76.44
	43.36, -76.8
	43.23, -76.55
	43.28, -76.2
	43.2, -75.87
	43.4, -75.86
	43.53, -75.29
End:

